gene	tig00002590_nlr_1	tig00001423_nlr_1	tig00001343_nlr_1	tig00002055_nlr_1	Rpi_R9a	Rpi_R8	Rpi_R3b	Rpi_R3a	Rpi_R2-like	Rpi_R1
Basin_Russet	0	9.81818	19.331	1.73235	46.0234	16.1493	99.6428	5.38889	100	0
Bintje_NC	5.57424	0	30.1043	12.2131	46.629	25.5319	16.6121	2.94444	7.52467	2.90921
Annabelle	100	100	100	100	53.2095	45.3784	15.9869	0	6.20888	9.17519
Cabaret	4.85344	35	18.9401	21.741	52.3214	22.8811	46.2935	7.16667	7.11349	33.4399
Arran_Victory	0	0	21.2424	8.66176	40.7751	15.94	10.7175	0	0	5.97826
Arsenal_HR03b	42.0951	23.6364	31.4509	39.1511	58.256	66.6899	11.2236	0	8.38816	30.5307
Bartina	100	100	100	100	55.0262	67.1782	99.8809	13.7222	12.2944	15.3133
Athlete	11.1004	12.3182	36.0556	28.5838	60.1938	63.8298	98.4817	100	12.4178	23.1138
Cara_HR02_v5	100	100	100	100	51.2313	63.8647	98.9878	100	0	100
Cammeo	14.7525	10.4091	19.2441	19.3157	55.7529	99.2675	12.9503	4.88889	0	9.6867
Alouette	28.9284	17.1818	28.2363	31.6154	33.912	53.7496	98.9878	100	8.63487	12.2442
Camel	32.8688	16.6364	33.7967	35.2967	57.9734	62.5392	20.5418	0	6.29112	100
Arizona	100	100	100	100	50.2624	57.2724	100	100	6.20888	0
Bute	100	100	100	100	52.5232	5.26683	99.345	100	12.6645	9.65473
Estima_HR02_v5	17.3474	21.7727	36.2294	23.8631	56.2778	64.0042	99.7618	9.97222	12.0477	14.9936
Charlotte	47.4772	18.8182	34.7089	29.6665	34.6387	49.9128	99.1664	100	5.96217	100
Cultra	100	100	100	100	56.6815	64.0739	98.8092	100	12.1711	100
DM	4.61317	0	8.81842	8.14205	13.8878	32.3334	15.3319	0	0	0
Buster	100	100	100	100	40.0484	69.0966	99.5237	100	12.0066	33.7916
Hermes_HR02_v5	40.4613	23.8182	39.2702	39.8874	41.6633	62.2602	98.8092	100	12.2533	100
Fontane	26.4777	14.2727	29.2354	15.8077	37.8684	42.7276	98.0054	100	10.7319	100
Brooke	25.9491	45.8636	33.7098	38.3716	55.1474	65.5738	15.8678	0	6.74342	100
Amora	36.7131	21.3182	37.5326	26.0719	42.6726	64.0391	13.3373	0	8.51151	100
Burren	21.0956	20.1818	23.8923	30.1429	55.7933	58.8071	99.2557	100	8.55263	14.4821
Desiree_HR02_v5	25.9491	20.0909	40.3128	16.0676	56.4796	57.97	11.2831	0	12.1299	19.1496
King_Edward	77.3667	75.4091	74.0226	67.735	50.9891	32.2288	64.0965	66.75	18.8322	54.3798
Brodie	26.3335	14.3636	36.5334	23.2135	53.4114	63.3764	99.5832	100	6.25	100
Inca_Bella	0	6.86364	11.338	15.5045	38.8373	57.9351	10.8366	0	12.1711	0
Lady_Anna	100	100	100	100	61.3646	37.5654	98.6008	100	6.29112	26.2788
Carolus_HR02_v5	37.9625	21.3182	37.6195	33.2612	42.4304	57.4468	99.8511	100	6.66118	20.4923
Catriona	26.0452	16.8182	36.7072	29.4933	61.2838	63.7251	11.4915	4.19444	13.2812	18.5102
LaStrada	28.2556	23.3636	42.4848	43.0056	59.8708	63.3415	99.1962	100	12.1711	9.30307
Manitou	18.0202	19.7727	26.8462	25.5522	57.8119	51.029	98.4817	100	13.0345	8.72762
Melody	68.5247	57.1364	59.2963	72.4989	37.3032	40.8441	97.5588	100	4.97533	8.63171
Challenger	17.9721	15.4545	28.106	9.78779	58.9826	64.4925	99.9702	18.2222	13.6102	25.2558
16_MC_204_A3_HR03b	17.9721	21.3182	28.5404	9.00823	44.2874	60.6209	98.3924	100	12.4589	100
Gemson_tp50_v5	100	100	100	100	88.2115	57.3422	18.6365	0	12.2944	100
Mayan_Rose	30.9947	21.5909	40.8775	20.4851	61.4049	63.6554	98.7794	100	6.57895	100
Lady_Clair	12.2537	0	36.4466	10.0476	53.7747	39.9372	99.0176	7.33333	0	2.49361
Atlantic_HR02_v5	100	100	100	100	55.0262	64.7367	16.0464	0	12.2122	100
Electra	100	100	100	100	42.8744	63.3764	99.9405	10.4167	12.2944	20.7801
Marfona_HR02_v5	48.7746	23.9545	46.7854	40.4071	60.8801	56.2958	24.2334	4.19444	12.2533	14.8657
Innovator_HR02_v5	22.4892	21.7273	37.8801	25.6821	21.7602	71.9219	99.4939	100	100	100
Kennebec	0	0	21.8071	11.0437	38.6758	23.7182	19.2617	0	13.6102	100
Ranger_Russet	16.3383	9.86364	1.52042	17.8865	45.216	16.219	10.4793	0	0	0
Agria_HR02_v5	100	100	100	100	59.1441	64.7367	99.613	100	13.898	20.5563
Kelly_HR02_v5	10.5238	19.9545	30.8427	33.2178	88.2115	100	18.3388	0	97.9441	4.82737
Rooster_HR02_v5	28.2556	13.8636	29.0617	32.1351	60.113	61.5975	11.4617	0	8.38816	100
Favorite	25.8049	20.8182	34.0573	36.466	55.4703	57.97	20.3037	2.30556	6.20888	16.688
Rock	100	100	100	100	58.7	56.226	10.777	0	7.48355	36.2532
Picasso	100	100	100	100	38.3528	23.4391	99.226	100	10.2385	100
Alverstone_Russet_HR03b	10.6679	18.1818	28.2363	19.9654	58.3771	62.33	16.4335	23.75	18.6678	100
Elland_HR03b	32.5805	22.0909	38.0539	31.5721	41.2596	27.0666	97.797	100	12.5822	31.7136
16_MC_195_A2_HR03b	100	100	100	100	51.958	74.5727	13.0098	6.83333	0	14.0026
Ivetta_HR03b	32.7247	33.8182	40.139	39.1945	62.6968	73.1078	99.613	22.1389	9.78618	24.8402
Maris_Bard	42.7198	25.2273	42.0504	31.0957	61.4857	58.1793	11.432	2.75	12.5411	18.3824
Panther_HR03b	23.21	21	28.497	10.0909	56.7218	72.2358	99.9702	100	6.25	100
Pink_Fur_Apple	18.2605	10.7273	26.7593	16.6739	56.0759	52.7729	16.493	1.47222	10.1151	10.6777
15_JHL_140_A1_HR03b	36.1365	21.1818	100	35.34	54.7033	58.7374	11.4617	6.27778	0	3.2289
10_Z_41_A1_HR03b	31.1869	14.9091	42.9192	40.4071	57.2467	72.1311	24.7693	2.36111	100	18.4783
Lionheart	100	100	100	100	51.6754	64.2483	99.1366	100	10.1151	20.6202
Safari	100	100	100	100	57.8522	64.1437	99.613	11.6667	3.53618	15.3453
Maris_Piper_HR02_v5	42.5757	23.2273	43.0495	32.9147	59.1845	20.3348	9.55642	5.08333	6.33224	26.055
Jelly_tp50_v5	36.2326	23.5	45.8297	41.4032	58.9826	64.5971	99.8214	100	13.2401	20.4284
Russet_Burbank_smplt_v4	0	10.1364	0	11.5201	40.8962	22.2183	10.8068	0	0	7.99233
16_MC_158_A34_HR03b	22.7295	32.1364	36.0122	29.0169	28.1389	52.4939	18.4876	1.36111	15.5016	13.9706
Maris_Peer_tp50_v5	17.9721	25.3182	21.7202	23.4734	53.3306	65.5389	15.9571	0	100	100
Edzell_Blue	39.8366	18.8636	25.1955	27.9775	61.082	70.0384	21.7922	6.88889	12.9523	27.4616
Lady_Rosetta_HR02_v5	100	100	100	100	58.7404	60.6906	17.8922	0	12.1299	23.8811
Mozart	48.5344	22.6818	43.4839	37.5487	60.9205	65.3994	99.7023	100	98.7253	98.945
Daisy	44.7862	30	35.8818	39.3244	61.2838	58.2839	7.91902	2.61111	12.2533	22.0588
Markies_HR02_v5	26.3335	18.4545	36.5769	30.7059	65.2402	65.3645	99.8511	100	11.0197	18.2545
Pentland_Dell_HR02_v5	32.6285	21.7727	39.3136	23.2135	61.2434	58.2142	99.8214	100	97.9441	100
KING_RUSSET	17.828	15.6364	28.2798	30.9225	33.9524	71.1545	99.9405	100	100	13.6829
Lady_Amarilla	100	100	100	100	58.256	64.5971	99.7321	100	18.4211	100
Nectar_tp50_v5	100	100	100	100	57.8119	59.4698	99.8214	100	16.2418	16.5281
Eurostar	18.0202	25.6818	31.5378	9.70117	47.9612	71.8172	99.226	100	100	20.5882
Osprey_tp50_v5	21.1437	42.4545	26.7593	37.8086	61.8894	64.7715	99.7023	100	18.3799	22.6023
Lorimer_HR03b	100	100	100	100	45.7004	33.6589	11.432	5.02778	11.3076	100
Royal_tp50_v5	100	100	100	100	58.9826	64.4576	99.7618	12.6667	0	25.2558
Sarpo_Mira	9.61076	0	63.6838	7.23257	81.3888	98.6746	100	100	8.38816	0
Performer	25.853	15.2273	41.3119	29.5799	61.4049	64.5623	11.4915	5.13889	12.2944	100
Saxon_HR02_v5	41.3263	21.2727	44.874	29.0169	50.0606	56.5399	11.2831	0	6.20888	38.0435
16_MC_165_A4_HR03b	28.2076	15.3182	34.1877	17.2802	47.1134	65.4343	99.7916	100	15.5016	100
Rivera	100	100	100	100	55.9548	64.9808	20.9884	0	12.2944	29.5077
16_MC_175_A11_HR03b	100	100	100	100	42.1074	73.0729	15.1533	0	100	100
Yukon_Gold_HR02_v5	16.6266	15.0455	26.0643	25.5522	53.9362	63.202	18.2495	8.25	12.2122	10.9655
Violeta	3.31571	15.8182	15.7689	16.414	9.891	52.9125	7.77017	5.05556	0	4.85934
Sagitta	32.9169	22.1364	45.3519	32.5682	61.082	57.4468	99.9107	11.1667	6.62007	15.601
Premiere_tp50_v5	33.5416	20.4091	36.6638	23.0403	55.4703	64.7367	99.7618	22.8889	12.2944	10.5499
Orchestra	33.2052	27.9545	36.5334	31.7887	61.082	55.6331	99.8511	13.1111	13.4457	13.8747
Spunta_v4	0	0	21.2424	0	35.6076	34.9843	9.79458	6.66667	0	100
Shepody_HR02_tp50CH_v5	26.0932	20.5455	40.4865	29.4933	50.0202	65.783	11.4915	7.61111	6.66118	100
Toluca	9.51466	0	13.6838	0	50.9891	33.3101	26.4067	19.0278	0	0
16_MC_194_A3_HR03b	100	100	100	100	50.0202	58.0398	14.6472	5.05556	15.3783	12.5
Nadine	43.2484	30.5	47.0026	39.0212	64.9172	68.7478	99.7916	100	14.0625	25.1918
Rudolph	23.7386	15.3182	36.099	27.3278	52.9269	64.5274	100	5.77778	12.2122	100
VR808_HR02_v5	22.6333	19.7273	38.2276	43.0922	54.9455	64.2832	18.3388	0	6.25	100
Winston	20.9995	22.0455	31.2772	35.21	58.3771	66.4458	14.8854	11.25	8.75822	10.6138
Taurus	7.5925	0	17.6803	13.7289	48.0016	37.0771	96.8145	6.91667	4.07072	8.82353
13_P_7_A4_HR03b	100	100	100	100	53.4921	64.9808	99.5832	100	14.5559	9.04731
Purple_Majesty	100	100	100	100	60.6782	71.294	43.4355	53.75	12.4178	22.2506
Saturna_tp50_v5	26.3335	14	21.6768	23.7765	50.2624	63.3415	11.4617	8.38889	10.1562	100
Sangre	50.2162	22.8636	35.4909	33.2612	46.2253	61.1441	35.7249	7.30556	12.2122	19.0537
Seresta	36.4728	32.9091	42.311	48.9822	61.2838	73.3171	99.7023	100	12.2533	34.4309
Saphire	100	100	100	100	52.9269	36.5539	99.5534	0	21.6694	23.4015
Strachan_HR03b	28.8803	22.5	34.4483	47.8995	54.017	69.3757	21.4945	2.58333	0	8.53581
Umatilla_Russet_USA_v5	43.4407	30.0909	38.4014	36.3794	46.5079	57.8654	15.9869	0	12.2122	16.9118
Toronto_HR03b	100	100	100	100	58.9826	67.3178	100	13.8333	13.528	100
Sunita	36.2326	22.5455	43.3102	37.3755	50.3432	35.8912	99.8511	100	20.1069	9.65473
Stirling	17.1552	16.8636	31.9288	15.6778	55.0262	53.4008	99.1664	100	18.2566	100
Vales_Sovereign_tp50_v5	100	100	100	100	49.8183	63.6903	99.5832	100	10.5263	100
Sylvana_tp50_v5	100	100	100	100	56.9641	54.6913	18.309	0	17.1464	20.2046
Wilja	22.8736	12.8636	32.4066	25.7687	61.1627	63.7251	18.309	0	12.0477	23.3696
Shelford	45.7472	41.4091	44.9609	46.0372	55.3492	58.4234	99.7023	100	12.7056	20.4604
Valor	100	100	100	100	61.4453	58.3537	16.0167	9.63889	6.33224	24.5205
Vivaldi_tp50_v5	33.3013	15.2727	36.6203	23.8631	52.4021	65.1552	99.9107	100	14.1447	10.5179
